icc1: 0.9870804536673999

icc2: 0.9226689815788395