icc1: 0.9870538936901933

icc2: 0.9187047859144641