icc1: 0.9870350954500593

icc2: 0.9159088654169335